% settings contains the parameters used in the optimal control problem.
settings = [               
    % Increase weight on accelerations + no synergies
    0,   2500 ,150,4,99,2,2,0.25,2,10,0,50,1,0.1,1000, 0;	%1 Best
    0,   2500 ,150,4,99,2,1,0.25,2,10,0,50,1,0.1,1000, 0;	%2
    0,   2500 ,150,4,99,1,2,0.25,2,10,0,50,1,0.1,1000, 0;	%3 Best
    0,   2500 ,150,4,99,1,1,0.25,2,10,0,50,1,0.1,1000, 0;	%4
    100, 2500 ,150,4,99,2,2,0.25,2,10,0,50,1,0.1,1000, 0;  	%5 Best
    100, 2500 ,150,4,99,2,1,0.25,2,10,0,50,1,0.1,1000, 0;  	%6
    % Add 4 synergies
    0,   2500 ,150,4,4,2,2,0.25,2,10,0,50,1,0.1,1000, 0;  	%7 Best
    0,   2500 ,150,4,4,1,2,0.25,2,10,0,50,1,0.1,1000, 0;  	%8 Best
    100, 2500 ,150,4,4,2,2,0.25,2,10,0,50,1,0.1,1000, 0;   	%9    
    0,   2500 ,150,4,4,2,1,0.25,2,10,0,50,1,0.1,1000, 0;  	%10
    0,   2500 ,150,4,4,1,1,0.25,2,10,0,50,1,0.1,1000, 0;   	%11
    100, 2500 ,150,4,4,2,1,0.25,2,10,0,50,1,0.1,1000, 0; 	%12    
    0,   2500 ,150,4,4,2,3,0.25,2,10,0,50,1,0.1,1000, 1; 	%13
    0,   2500 ,150,4,4,1,3,0.25,2,10,0,50,1,0.1,1000, 3; 	%14
    100, 2500 ,150,4,4,2,3,0.25,2,10,0,50,1,0.1,1000, 5;  	%15 Best
    % Add 3 synergies
    0,   2500 ,150,4,3,2,2,0.25,2,10,0,50,1,0.1,1000, 0,;	%16
    0,   2500 ,150,4,3,1,2,0.25,2,10,0,50,1,0.1,1000, 0,;	%17 
    100, 2500 ,150,4,3,2,2,0.25,2,10,0,50,1,0.1,1000, 0,;  	%18    
    0,   2500 ,150,4,3,2,1,0.25,2,10,0,50,1,0.1,1000, 0,;  	%19
    0,   2500 ,150,4,3,1,1,0.25,2,10,0,50,1,0.1,1000, 0,; 	%20
    100, 2500 ,150,4,3,2,1,0.25,2,10,0,50,1,0.1,1000, 0,;	%21 
    0,   2500 ,150,4,3,2,3,0.25,2,10,0,50,1,0.1,1000, 1; 	%22 Best
    0,   2500 ,150,4,3,1,3,0.25,2,10,0,50,1,0.1,1000, 3;  	%23
    100, 2500 ,150,4,3,2,3,0.25,2,10,0,50,1,0.1,1000, 5;  	%24 Best
    0,   2500 ,150,4,3,2,3,0.25,2,10,0,50,1,0.1,1000, 7;   	%25
    0,   2500 ,150,4,3,1,3,0.25,2,10,0,50,1,0.1,1000, 8;  	%26 Best
    100, 2500 ,150,4,3,2,3,0.25,2,10,0,50,1,0.1,1000, 15; 	%27
    % Include spasticity
    0,   2500 ,150,4,99,2,2,0.25,2,10,1,50,1,0.1,1000, 0; 	%28
    0,   2500 ,150,4,99,2,1,0.25,2,10,1,50,1,0.1,1000, 0; 	%29
    0,   2500 ,150,4,99,2,3,0.25,2,10,1,50,1,0.1,1000, 1; 	%30 Best
    % Add 4 synergies to spasticity
    0,   2500 ,150,4,4,2,2,0.25,2,10,1,50,1,0.1,1000, 0; 	%31 Max (20,000)
    0,   2500 ,150,4,4,2,1,0.25,2,10,1,50,1,0.1,1000, 0;  	%32 
    0,   2500 ,150,4,4,2,3,0.25,2,10,1,50,1,0.1,1000, 7;   	%33 Max (20,000)
    0,   2500 ,150,4,4,2,3,0.25,2,10,1,50,1,0.1,1000, 30;  	%34 Best
    ];
